#FIG 3.2  Produced by xfig version 3.2.7b
Landscape
Center
Metric
A4
100.00
Single
-2
1200 2
0 32 #c6b797
0 33 #eff8ff
0 34 #dccba6
0 35 #404040
0 36 #808080
0 37 #c0c0c0
0 38 #e0e0e0
0 39 #8e8f8e
0 40 #aaaaaa
0 41 #555555
0 42 #c7c3c7
0 43 #565151
0 44 #8e8e8e
0 45 #d7d7d7
0 46 #85807d
0 47 #d2d2d2
0 48 #3a3a3a
0 49 #4573aa
0 50 #aeaeae
0 51 #7b79a5
0 52 #444444
0 53 #73758c
0 54 #f7f7f7
0 55 #414541
0 56 #635dce
0 57 #bebebe
0 58 #515151
0 59 #e7e3e7
0 60 #000049
0 61 #797979
0 62 #303430
0 63 #414141
0 64 #c7b696
0 65 #e7e7e7
0 66 #717571
0 67 #d9d9d9
0 68 #569eb0
2 2 0 1 0 7 50 -1 -1 0.000 0 0 -1 0 0 5
	 1080 1125 2925 1125 2925 8730 1080 8730 1080 1125
2 2 0 1 0 7 50 -1 -1 0.000 0 0 -1 0 0 5
	 3960 1215 7155 1215 7155 2385 3960 2385 3960 1215
2 2 0 1 0 7 50 -1 -1 0.000 0 0 -1 0 0 5
	 3960 2745 7155 2745 7155 3915 3960 3915 3960 2745
2 2 0 1 0 7 50 -1 -1 0.000 0 0 -1 0 0 5
	 3960 4230 7155 4230 7155 5400 3960 5400 3960 4230
2 2 0 1 0 7 50 -1 -1 0.000 0 0 -1 0 0 5
	 3960 5940 7155 5940 7155 7110 3960 7110 3960 5940
4 0 0 50 -1 0 31 0.0000 4 135 450 4455 1575 Fetch\001
4 0 0 50 -1 0 23 0.0000 4 180 3150 4140 1845 advance =all_advance&~(decode_busy)\001
